0: [0,	0,	0,	0,	0,	0,	]
1: [0,	0,	0,	0,	0,	17,	]
2: [0,	2,	0,	0,	0,	18,	]
3: [0,	4,	0,	0,	0,	19,	]
4: [0,	76,	0,	0,	0,	20,	]
5: [0,	836,	0,	0,	0,	21,	]
6: [0,	836,	0,	0,	7,	22,	]
7: [0,	836,	0,	0,	154,	23,	]
8: [0,	836,	0,	0,	174,	24,	]
9: [0,	1010,	0,	0,	174,	25,	]
10: [0,	1010,	0,	0,	174,	26,	]
11: [0,	1010,	0,	0,	174,	1,	]
12: [0,	1010,	0,	1,	174,	2,	]
13: [0,	1010,	1,	1,	174,	3,	]
14: [0,	1010,	1,	1,	1,	4,	]
15: [0,	1010,	1,	1,	0,	5,	]
16: [0,	1010,	1,	1,	0,	6,	]
17: [0,	1010,	1,	1,	0,	8,	]
18: [0,	1010,	2,	1,	0,	9,	]
19: [0,	1010,	2,	1,	0,	10,	]
20: [0,	1010,	2,	1,	0,	11,	]
21: [0,	1010,	2,	1,	0,	3,	]
22: [0,	1010,	2,	1,	2,	4,	]
23: [0,	1010,	2,	1,	0,	5,	]
24: [0,	1010,	2,	1,	0,	6,	]
25: [0,	1010,	2,	1,	0,	8,	]
26: [0,	1010,	3,	1,	0,	9,	]
27: [0,	1010,	3,	1,	0,	10,	]
28: [0,	1010,	3,	1,	0,	11,	]
29: [0,	1010,	3,	1,	0,	3,	]
30: [0,	1010,	3,	1,	3,	4,	]
31: [0,	1010,	3,	1,	0,	5,	]
32: [0,	1010,	3,	1,	0,	6,	]
33: [0,	1010,	3,	1,	0,	8,	]
34: [0,	1010,	4,	1,	0,	9,	]
35: [0,	1010,	4,	1,	0,	10,	]
36: [0,	1010,	4,	1,	0,	11,	]
8077: [0,	1010,	1009,	1,	0,	3,	]
8078: [0,	1010,	1009,	1,	1009,	4,	]
8079: [0,	1010,	1009,	1,	0,	5,	]
8080: [0,	1010,	1009,	1,	0,	6,	]
8081: [0,	1010,	1009,	1,	0,	8,	]
8082: [0,	1010,	1010,	1,	0,	9,	]
8083: [0,	1010,	1010,	1,	0,	10,	]
8084: [0,	1010,	1010,	1,	0,	11,	]
8085: [0,	1010,	1010,	1,	0,	3,	]
8086: [0,	1010,	1010,	1,	1010,	4,	]
8087: [0,	1010,	1010,	1,	1,	5,	]
8088: [0,	1010,	1010,	1,	1,	7,	]
8089: [1,	1010,	1010,	1,	1,	8,	]
8090: [1,	1010,	1011,	1,	1,	9,	]
8091: [1,	1010,	1011,	1,	1,	10,	]
8092: [1,	1010,	1011,	1,	1,	12,	]
8093: [1,	1010,	1011,	2,	1,	13,	]
8094: [1,	1010,	1011,	2,	0,	14,	]
8095: [1,	1010,	1011,	2,	0,	15,	]
8096: [1,	1010,	1011,	2,	0,	2,	]
8097: [1,	1010,	1,	2,	0,	3,	]
8098: [1,	1010,	1,	2,	2,	4,	]
8099: [1,	1010,	1,	2,	0,	5,	]
8100: [1,	1010,	1,	2,	0,	6,	]
8101: [1,	1010,	1,	2,	0,	8,	]
8102: [1,	1010,	2,	2,	0,	9,	]
8103: [1,	1010,	2,	2,	0,	10,	]
8104: [1,	1010,	2,	2,	0,	11,	]
8105: [1,	1010,	2,	2,	0,	3,	]
8106: [1,	1010,	2,	2,	4,	4,	]
8107: [1,	1010,	2,	2,	0,	5,	]
8108: [1,	1010,	2,	2,	0,	6,	]
8109: [1,	1010,	2,	2,	0,	8,	]
8110: [1,	1010,	3,	2,	0,	9,	]
8111: [1,	1010,	3,	2,	0,	10,	]
8112: [1,	1010,	3,	2,	0,	11,	]
16161: [1,	1010,	1009,	2,	0,	3,	]
16162: [1,	1010,	1009,	2,	2018,	4,	]
16163: [1,	1010,	1009,	2,	0,	5,	]
16164: [1,	1010,	1009,	2,	0,	6,	]
16165: [1,	1010,	1009,	2,	0,	8,	]
16166: [1,	1010,	1010,	2,	0,	9,	]
16167: [1,	1010,	1010,	2,	0,	10,	]
16168: [1,	1010,	1010,	2,	0,	11,	]
16169: [1,	1010,	1010,	2,	0,	3,	]
16170: [1,	1010,	1010,	2,	2020,	4,	]
16171: [1,	1010,	1010,	2,	0,	5,	]
16172: [1,	1010,	1010,	2,	0,	6,	]
16173: [1,	1010,	1010,	2,	0,	8,	]
16174: [1,	1010,	1011,	2,	0,	9,	]
16175: [1,	1010,	1011,	2,	1,	10,	]
16176: [1,	1010,	1011,	2,	1,	12,	]
16177: [1,	1010,	1011,	3,	1,	13,	]
16178: [1,	1010,	1011,	3,	0,	14,	]
16179: [1,	1010,	1011,	3,	0,	15,	]
16180: [1,	1010,	1011,	3,	0,	2,	]
16181: [1,	1010,	1,	3,	0,	3,	]
16182: [1,	1010,	1,	3,	3,	4,	]
16183: [1,	1010,	1,	3,	0,	5,	]
16184: [1,	1010,	1,	3,	0,	6,	]
16185: [1,	1010,	1,	3,	0,	8,	]
16186: [1,	1010,	2,	3,	0,	9,	]
16187: [1,	1010,	2,	3,	0,	10,	]
16188: [1,	1010,	2,	3,	0,	11,	]
16189: [1,	1010,	2,	3,	0,	3,	]
16190: [1,	1010,	2,	3,	6,	4,	]
16191: [1,	1010,	2,	3,	0,	5,	]
16192: [1,	1010,	2,	3,	0,	6,	]
16193: [1,	1010,	2,	3,	0,	8,	]
16194: [1,	1010,	3,	3,	0,	9,	]
16195: [1,	1010,	3,	3,	0,	10,	]
16196: [1,	1010,	3,	3,	0,	11,	]
24245: [1,	1010,	1009,	3,	0,	3,	]
24246: [1,	1010,	1009,	3,	3027,	4,	]
24247: [1,	1010,	1009,	3,	0,	5,	]
24248: [1,	1010,	1009,	3,	0,	6,	]
24249: [1,	1010,	1009,	3,	0,	8,	]
24250: [1,	1010,	1010,	3,	0,	9,	]
24251: [1,	1010,	1010,	3,	0,	10,	]
24252: [1,	1010,	1010,	3,	0,	11,	]
24253: [1,	1010,	1010,	3,	0,	3,	]
24254: [1,	1010,	1010,	3,	3030,	4,	]
24255: [1,	1010,	1010,	3,	0,	5,	]
24256: [1,	1010,	1010,	3,	0,	6,	]
24257: [1,	1010,	1010,	3,	0,	8,	]
24258: [1,	1010,	1011,	3,	0,	9,	]
8148679: [1,	1010,	1011,	1008,	1,	10,	]
8148680: [1,	1010,	1011,	1008,	1,	12,	]
8148681: [1,	1010,	1011,	1009,	1,	13,	]
8148682: [1,	1010,	1011,	1009,	0,	14,	]
8148683: [1,	1010,	1011,	1009,	0,	15,	]
8148684: [1,	1010,	1011,	1009,	0,	2,	]
8148685: [1,	1010,	1,	1009,	0,	3,	]
8148686: [1,	1010,	1,	1009,	1009,	4,	]
8148687: [1,	1010,	1,	1009,	0,	5,	]
8148688: [1,	1010,	1,	1009,	0,	6,	]
8148689: [1,	1010,	1,	1009,	0,	8,	]
8148690: [1,	1010,	2,	1009,	0,	9,	]
8148691: [1,	1010,	2,	1009,	0,	10,	]
8148692: [1,	1010,	2,	1009,	0,	11,	]
8148693: [1,	1010,	2,	1009,	0,	3,	]
8148694: [1,	1010,	2,	1009,	2018,	4,	]
8148695: [1,	1010,	2,	1009,	0,	5,	]
8148696: [1,	1010,	2,	1009,	0,	6,	]
8148697: [1,	1010,	2,	1009,	0,	8,	]
8148698: [1,	1010,	3,	1009,	0,	9,	]
8148699: [1,	1010,	3,	1009,	0,	10,	]
8148700: [1,	1010,	3,	1009,	0,	11,	]
8156749: [1,	1010,	1009,	1009,	0,	3,	]
8156750: [1,	1010,	1009,	1009,	1018081,	4,	]
8156751: [1,	1010,	1009,	1009,	0,	5,	]
8156752: [1,	1010,	1009,	1009,	0,	6,	]
8156753: [1,	1010,	1009,	1009,	0,	8,	]
8156754: [1,	1010,	1010,	1009,	0,	9,	]
8156755: [1,	1010,	1010,	1009,	0,	10,	]
8156756: [1,	1010,	1010,	1009,	0,	11,	]
8156757: [1,	1010,	1010,	1009,	0,	3,	]
8156758: [1,	1010,	1010,	1009,	1019090,	4,	]
8156759: [1,	1010,	1010,	1009,	0,	5,	]
8156760: [1,	1010,	1010,	1009,	0,	6,	]
8156761: [1,	1010,	1010,	1009,	0,	8,	]
8156762: [1,	1010,	1011,	1009,	0,	9,	]
8156763: [1,	1010,	1011,	1009,	1,	10,	]
8156764: [1,	1010,	1011,	1009,	1,	12,	]
8156765: [1,	1010,	1011,	1010,	1,	13,	]
8156766: [1,	1010,	1011,	1010,	0,	14,	]
8156767: [1,	1010,	1011,	1010,	0,	15,	]
8156768: [1,	1010,	1011,	1010,	0,	2,	]
8156769: [1,	1010,	1,	1010,	0,	3,	]
8156770: [1,	1010,	1,	1010,	1010,	4,	]
8156771: [1,	1010,	1,	1010,	1,	5,	]
8156772: [1,	1010,	1,	1010,	1,	7,	]
8156773: [1011,	1010,	1,	1010,	1,	8,	]
8156774: [1011,	1010,	2,	1010,	1,	9,	]
8156775: [1011,	1010,	2,	1010,	0,	10,	]
8156776: [1011,	1010,	2,	1010,	0,	11,	]
8156777: [1011,	1010,	2,	1010,	0,	3,	]
8156778: [1011,	1010,	2,	1010,	2020,	4,	]
8156779: [1011,	1010,	2,	1010,	0,	5,	]
8156780: [1011,	1010,	2,	1010,	0,	6,	]
8156781: [1011,	1010,	2,	1010,	0,	8,	]
8156782: [1011,	1010,	3,	1010,	0,	9,	]
8156783: [1011,	1010,	3,	1010,	0,	10,	]
8156784: [1011,	1010,	3,	1010,	0,	11,	]
8156785: [1011,	1010,	3,	1010,	0,	3,	]
8156786: [1011,	1010,	3,	1010,	3030,	4,	]
8156787: [1011,	1010,	3,	1010,	0,	5,	]
8156788: [1011,	1010,	3,	1010,	0,	6,	]
8156789: [1011,	1010,	3,	1010,	0,	8,	]
8156790: [1011,	1010,	4,	1010,	0,	9,	]
8164831: [1011,	1010,	1009,	1010,	0,	10,	]
8164832: [1011,	1010,	1009,	1010,	0,	11,	]
8164833: [1011,	1010,	1009,	1010,	0,	3,	]
8164834: [1011,	1010,	1009,	1010,	1019090,	4,	]
8164835: [1011,	1010,	1009,	1010,	0,	5,	]
8164836: [1011,	1010,	1009,	1010,	0,	6,	]
8164837: [1011,	1010,	1009,	1010,	0,	8,	]
8164838: [1011,	1010,	1010,	1010,	0,	9,	]
8164839: [1011,	1010,	1010,	1010,	0,	10,	]
8164840: [1011,	1010,	1010,	1010,	0,	11,	]
8164841: [1011,	1010,	1010,	1010,	0,	3,	]
8164842: [1011,	1010,	1010,	1010,	1020100,	4,	]
8164843: [1011,	1010,	1010,	1010,	0,	5,	]
8164844: [1011,	1010,	1010,	1010,	0,	6,	]
8164845: [1011,	1010,	1010,	1010,	0,	8,	]
8164846: [1011,	1010,	1011,	1010,	0,	9,	]
8164847: [1011,	1010,	1011,	1010,	1,	10,	]
8164848: [1011,	1010,	1011,	1010,	1,	12,	]
8164849: [1011,	1010,	1011,	1011,	1,	13,	]
8164850: [1011,	1010,	1011,	1011,	1,	14,	]
8164851: [1011,	1010,	1011,	1011,	1,	16,	]
[1011,	1010,	1011,	1011,	1,	256,	]